{
 "cells": [
  {
   "cell_type": "code",
   "execution_count": 1,
   "id": "3fe62378",
   "metadata": {},
   "outputs": [],
   "source": [
    "import os\n",
    "import numpy as np\n",
    "import pandas as pd\n",
    "from itertools import combinations"
   ]
  },
  {
   "cell_type": "code",
   "execution_count": 2,
   "id": "e5107002",
   "metadata": {},
   "outputs": [],
   "source": [
    "ratios = {\n",
    "    'ratio1': lambda x: x['boosted_el']/x['boosted_jet'],\n",
    "    'ratio2': lambda x: (x['boosted_jet']-x['boosted_el'])/x['el_jet'],\n",
    "    'ratio3': lambda x: x['boosted_jet']-x['boosted_el']\n",
    "}"
   ]
  },
  {
   "cell_type": "code",
   "execution_count": 3,
   "id": "1c9d4ad5",
   "metadata": {},
   "outputs": [
    {
     "data": {
      "text/html": [
       "<div>\n",
       "<style scoped>\n",
       "    .dataframe tbody tr th:only-of-type {\n",
       "        vertical-align: middle;\n",
       "    }\n",
       "\n",
       "    .dataframe tbody tr th {\n",
       "        vertical-align: top;\n",
       "    }\n",
       "\n",
       "    .dataframe thead th {\n",
       "        text-align: right;\n",
       "    }\n",
       "</style>\n",
       "<table border=\"1\" class=\"dataframe\">\n",
       "  <thead>\n",
       "    <tr style=\"text-align: right;\">\n",
       "      <th></th>\n",
       "      <th>name</th>\n",
       "      <th>boosted_el</th>\n",
       "      <th>boosted_jet</th>\n",
       "      <th>el_jet</th>\n",
       "      <th>description</th>\n",
       "      <th>ratio1</th>\n",
       "      <th>ratio2</th>\n",
       "      <th>ratio3</th>\n",
       "    </tr>\n",
       "  </thead>\n",
       "  <tbody>\n",
       "    <tr>\n",
       "      <th>0</th>\n",
       "      <td>reta</td>\n",
       "      <td>0.006093</td>\n",
       "      <td>0.103605</td>\n",
       "      <td>0.098891</td>\n",
       "      <td>fold_0</td>\n",
       "      <td>0.058814</td>\n",
       "      <td>0.986051</td>\n",
       "      <td>0.097512</td>\n",
       "    </tr>\n",
       "    <tr>\n",
       "      <th>1</th>\n",
       "      <td>eratio</td>\n",
       "      <td>0.021855</td>\n",
       "      <td>0.570582</td>\n",
       "      <td>0.549355</td>\n",
       "      <td>fold_0</td>\n",
       "      <td>0.038302</td>\n",
       "      <td>0.998858</td>\n",
       "      <td>0.548728</td>\n",
       "    </tr>\n",
       "    <tr>\n",
       "      <th>2</th>\n",
       "      <td>f1</td>\n",
       "      <td>0.139836</td>\n",
       "      <td>0.026531</td>\n",
       "      <td>0.113870</td>\n",
       "      <td>fold_0</td>\n",
       "      <td>5.270701</td>\n",
       "      <td>-0.995040</td>\n",
       "      <td>-0.113305</td>\n",
       "    </tr>\n",
       "    <tr>\n",
       "      <th>3</th>\n",
       "      <td>f3</td>\n",
       "      <td>0.004670</td>\n",
       "      <td>0.007830</td>\n",
       "      <td>0.012500</td>\n",
       "      <td>fold_0</td>\n",
       "      <td>0.596399</td>\n",
       "      <td>0.252820</td>\n",
       "      <td>0.003160</td>\n",
       "    </tr>\n",
       "    <tr>\n",
       "      <th>4</th>\n",
       "      <td>wstot</td>\n",
       "      <td>0.110378</td>\n",
       "      <td>2.799032</td>\n",
       "      <td>2.751361</td>\n",
       "      <td>fold_0</td>\n",
       "      <td>0.039434</td>\n",
       "      <td>0.977209</td>\n",
       "      <td>2.688654</td>\n",
       "    </tr>\n",
       "    <tr>\n",
       "      <th>5</th>\n",
       "      <td>weta2</td>\n",
       "      <td>0.000718</td>\n",
       "      <td>0.004058</td>\n",
       "      <td>0.003343</td>\n",
       "      <td>fold_0</td>\n",
       "      <td>0.176922</td>\n",
       "      <td>0.999194</td>\n",
       "      <td>0.003340</td>\n",
       "    </tr>\n",
       "    <tr>\n",
       "      <th>6</th>\n",
       "      <td>rhad</td>\n",
       "      <td>0.005016</td>\n",
       "      <td>0.470382</td>\n",
       "      <td>0.473200</td>\n",
       "      <td>fold_0</td>\n",
       "      <td>0.010664</td>\n",
       "      <td>0.983445</td>\n",
       "      <td>0.465366</td>\n",
       "    </tr>\n",
       "    <tr>\n",
       "      <th>7</th>\n",
       "      <td>rhad1</td>\n",
       "      <td>0.002919</td>\n",
       "      <td>0.246813</td>\n",
       "      <td>0.249434</td>\n",
       "      <td>fold_0</td>\n",
       "      <td>0.011827</td>\n",
       "      <td>0.977791</td>\n",
       "      <td>0.243894</td>\n",
       "    </tr>\n",
       "    <tr>\n",
       "      <th>8</th>\n",
       "      <td>rphi</td>\n",
       "      <td>0.007176</td>\n",
       "      <td>0.109482</td>\n",
       "      <td>0.105540</td>\n",
       "      <td>fold_0</td>\n",
       "      <td>0.065542</td>\n",
       "      <td>0.969359</td>\n",
       "      <td>0.102306</td>\n",
       "    </tr>\n",
       "    <tr>\n",
       "      <th>9</th>\n",
       "      <td>reta</td>\n",
       "      <td>0.006228</td>\n",
       "      <td>0.103955</td>\n",
       "      <td>0.098906</td>\n",
       "      <td>fold_1</td>\n",
       "      <td>0.059906</td>\n",
       "      <td>0.988078</td>\n",
       "      <td>0.097727</td>\n",
       "    </tr>\n",
       "  </tbody>\n",
       "</table>\n",
       "</div>"
      ],
      "text/plain": [
       "     name  boosted_el  boosted_jet    el_jet description    ratio1    ratio2  \\\n",
       "0    reta    0.006093     0.103605  0.098891      fold_0  0.058814  0.986051   \n",
       "1  eratio    0.021855     0.570582  0.549355      fold_0  0.038302  0.998858   \n",
       "2      f1    0.139836     0.026531  0.113870      fold_0  5.270701 -0.995040   \n",
       "3      f3    0.004670     0.007830  0.012500      fold_0  0.596399  0.252820   \n",
       "4   wstot    0.110378     2.799032  2.751361      fold_0  0.039434  0.977209   \n",
       "5   weta2    0.000718     0.004058  0.003343      fold_0  0.176922  0.999194   \n",
       "6    rhad    0.005016     0.470382  0.473200      fold_0  0.010664  0.983445   \n",
       "7   rhad1    0.002919     0.246813  0.249434      fold_0  0.011827  0.977791   \n",
       "8    rphi    0.007176     0.109482  0.105540      fold_0  0.065542  0.969359   \n",
       "9    reta    0.006228     0.103955  0.098906      fold_1  0.059906  0.988078   \n",
       "\n",
       "     ratio3  \n",
       "0  0.097512  \n",
       "1  0.548728  \n",
       "2 -0.113305  \n",
       "3  0.003160  \n",
       "4  2.688654  \n",
       "5  0.003340  \n",
       "6  0.465366  \n",
       "7  0.243894  \n",
       "8  0.102306  \n",
       "9  0.097727  "
      ]
     },
     "execution_count": 3,
     "metadata": {},
     "output_type": "execute_result"
    }
   ],
   "source": [
    "wass_distances = pd.read_csv(os.path.join('..', '..', 'data', 'wass_distances.csv'), index_col=0)\n",
    "for name, func in ratios.items():\n",
    "    wass_distances[name] = wass_distances.apply(func, axis=1)\n",
    "wass_distances.head(10)"
   ]
  },
  {
   "cell_type": "code",
   "execution_count": 4,
   "id": "4526b169",
   "metadata": {},
   "outputs": [
    {
     "name": "stderr",
     "output_type": "stream",
     "text": [
      "/tmp/ipykernel_29329/12137164.py:2: FutureWarning: ['description'] did not aggregate successfully. If any error is raised this will raise in a future version of pandas. Drop these columns/ops to avoid this warning.\n",
      "  statistics = fold_only.groupby('name').agg(['mean', 'std'], numeric_only=True)\n"
     ]
    },
    {
     "data": {
      "text/html": [
       "<div>\n",
       "<style scoped>\n",
       "    .dataframe tbody tr th:only-of-type {\n",
       "        vertical-align: middle;\n",
       "    }\n",
       "\n",
       "    .dataframe tbody tr th {\n",
       "        vertical-align: top;\n",
       "    }\n",
       "\n",
       "    .dataframe thead tr th {\n",
       "        text-align: left;\n",
       "    }\n",
       "\n",
       "    .dataframe thead tr:last-of-type th {\n",
       "        text-align: right;\n",
       "    }\n",
       "</style>\n",
       "<table border=\"1\" class=\"dataframe\">\n",
       "  <thead>\n",
       "    <tr>\n",
       "      <th></th>\n",
       "      <th colspan=\"2\" halign=\"left\">boosted_el</th>\n",
       "      <th colspan=\"2\" halign=\"left\">boosted_jet</th>\n",
       "      <th colspan=\"2\" halign=\"left\">el_jet</th>\n",
       "      <th colspan=\"2\" halign=\"left\">ratio1</th>\n",
       "      <th colspan=\"2\" halign=\"left\">ratio2</th>\n",
       "      <th colspan=\"2\" halign=\"left\">ratio3</th>\n",
       "    </tr>\n",
       "    <tr>\n",
       "      <th></th>\n",
       "      <th>mean</th>\n",
       "      <th>std</th>\n",
       "      <th>mean</th>\n",
       "      <th>std</th>\n",
       "      <th>mean</th>\n",
       "      <th>std</th>\n",
       "      <th>mean</th>\n",
       "      <th>std</th>\n",
       "      <th>mean</th>\n",
       "      <th>std</th>\n",
       "      <th>mean</th>\n",
       "      <th>std</th>\n",
       "    </tr>\n",
       "    <tr>\n",
       "      <th>name</th>\n",
       "      <th></th>\n",
       "      <th></th>\n",
       "      <th></th>\n",
       "      <th></th>\n",
       "      <th></th>\n",
       "      <th></th>\n",
       "      <th></th>\n",
       "      <th></th>\n",
       "      <th></th>\n",
       "      <th></th>\n",
       "      <th></th>\n",
       "      <th></th>\n",
       "    </tr>\n",
       "  </thead>\n",
       "  <tbody>\n",
       "    <tr>\n",
       "      <th>eratio</th>\n",
       "      <td>0.021967</td>\n",
       "      <td>0.000098</td>\n",
       "      <td>0.571166</td>\n",
       "      <td>0.000486</td>\n",
       "      <td>0.549798</td>\n",
       "      <td>0.000324</td>\n",
       "      <td>0.038460</td>\n",
       "      <td>0.000154</td>\n",
       "      <td>0.998911</td>\n",
       "      <td>0.000464</td>\n",
       "      <td>0.549199</td>\n",
       "      <td>0.000433</td>\n",
       "    </tr>\n",
       "    <tr>\n",
       "      <th>f1</th>\n",
       "      <td>0.140010</td>\n",
       "      <td>0.000647</td>\n",
       "      <td>0.026769</td>\n",
       "      <td>0.000622</td>\n",
       "      <td>0.113747</td>\n",
       "      <td>0.000082</td>\n",
       "      <td>5.232163</td>\n",
       "      <td>0.096614</td>\n",
       "      <td>-0.995556</td>\n",
       "      <td>0.000726</td>\n",
       "      <td>-0.113242</td>\n",
       "      <td>0.000073</td>\n",
       "    </tr>\n",
       "    <tr>\n",
       "      <th>f3</th>\n",
       "      <td>0.004692</td>\n",
       "      <td>0.000025</td>\n",
       "      <td>0.007801</td>\n",
       "      <td>0.000028</td>\n",
       "      <td>0.012493</td>\n",
       "      <td>0.000020</td>\n",
       "      <td>0.601516</td>\n",
       "      <td>0.004913</td>\n",
       "      <td>0.248832</td>\n",
       "      <td>0.003824</td>\n",
       "      <td>0.003109</td>\n",
       "      <td>0.000048</td>\n",
       "    </tr>\n",
       "    <tr>\n",
       "      <th>reta</th>\n",
       "      <td>0.006250</td>\n",
       "      <td>0.000109</td>\n",
       "      <td>0.103909</td>\n",
       "      <td>0.000177</td>\n",
       "      <td>0.098902</td>\n",
       "      <td>0.000050</td>\n",
       "      <td>0.060147</td>\n",
       "      <td>0.000952</td>\n",
       "      <td>0.987427</td>\n",
       "      <td>0.000872</td>\n",
       "      <td>0.097659</td>\n",
       "      <td>0.000086</td>\n",
       "    </tr>\n",
       "    <tr>\n",
       "      <th>rhad</th>\n",
       "      <td>0.005096</td>\n",
       "      <td>0.001533</td>\n",
       "      <td>0.469873</td>\n",
       "      <td>0.001004</td>\n",
       "      <td>0.472929</td>\n",
       "      <td>0.000611</td>\n",
       "      <td>0.010848</td>\n",
       "      <td>0.003267</td>\n",
       "      <td>0.982759</td>\n",
       "      <td>0.003400</td>\n",
       "      <td>0.464777</td>\n",
       "      <td>0.002063</td>\n",
       "    </tr>\n",
       "    <tr>\n",
       "      <th>rhad1</th>\n",
       "      <td>0.003173</td>\n",
       "      <td>0.000554</td>\n",
       "      <td>0.246539</td>\n",
       "      <td>0.000657</td>\n",
       "      <td>0.249258</td>\n",
       "      <td>0.000440</td>\n",
       "      <td>0.012874</td>\n",
       "      <td>0.002276</td>\n",
       "      <td>0.976356</td>\n",
       "      <td>0.003169</td>\n",
       "      <td>0.243366</td>\n",
       "      <td>0.001178</td>\n",
       "    </tr>\n",
       "    <tr>\n",
       "      <th>rphi</th>\n",
       "      <td>0.007205</td>\n",
       "      <td>0.000112</td>\n",
       "      <td>0.109669</td>\n",
       "      <td>0.000185</td>\n",
       "      <td>0.105631</td>\n",
       "      <td>0.000074</td>\n",
       "      <td>0.065700</td>\n",
       "      <td>0.000945</td>\n",
       "      <td>0.970018</td>\n",
       "      <td>0.000812</td>\n",
       "      <td>0.102464</td>\n",
       "      <td>0.000129</td>\n",
       "    </tr>\n",
       "    <tr>\n",
       "      <th>weta2</th>\n",
       "      <td>0.000721</td>\n",
       "      <td>0.000003</td>\n",
       "      <td>0.004060</td>\n",
       "      <td>0.000003</td>\n",
       "      <td>0.003343</td>\n",
       "      <td>0.000001</td>\n",
       "      <td>0.177657</td>\n",
       "      <td>0.000598</td>\n",
       "      <td>0.998948</td>\n",
       "      <td>0.000273</td>\n",
       "      <td>0.003339</td>\n",
       "      <td>0.000001</td>\n",
       "    </tr>\n",
       "    <tr>\n",
       "      <th>wstot</th>\n",
       "      <td>0.113506</td>\n",
       "      <td>0.001882</td>\n",
       "      <td>2.804539</td>\n",
       "      <td>0.003339</td>\n",
       "      <td>2.750798</td>\n",
       "      <td>0.001345</td>\n",
       "      <td>0.040472</td>\n",
       "      <td>0.000634</td>\n",
       "      <td>0.978274</td>\n",
       "      <td>0.000756</td>\n",
       "      <td>2.691034</td>\n",
       "      <td>0.002142</td>\n",
       "    </tr>\n",
       "  </tbody>\n",
       "</table>\n",
       "</div>"
      ],
      "text/plain": [
       "       boosted_el           boosted_jet              el_jet            \\\n",
       "             mean       std        mean       std      mean       std   \n",
       "name                                                                    \n",
       "eratio   0.021967  0.000098    0.571166  0.000486  0.549798  0.000324   \n",
       "f1       0.140010  0.000647    0.026769  0.000622  0.113747  0.000082   \n",
       "f3       0.004692  0.000025    0.007801  0.000028  0.012493  0.000020   \n",
       "reta     0.006250  0.000109    0.103909  0.000177  0.098902  0.000050   \n",
       "rhad     0.005096  0.001533    0.469873  0.001004  0.472929  0.000611   \n",
       "rhad1    0.003173  0.000554    0.246539  0.000657  0.249258  0.000440   \n",
       "rphi     0.007205  0.000112    0.109669  0.000185  0.105631  0.000074   \n",
       "weta2    0.000721  0.000003    0.004060  0.000003  0.003343  0.000001   \n",
       "wstot    0.113506  0.001882    2.804539  0.003339  2.750798  0.001345   \n",
       "\n",
       "          ratio1              ratio2              ratio3            \n",
       "            mean       std      mean       std      mean       std  \n",
       "name                                                                \n",
       "eratio  0.038460  0.000154  0.998911  0.000464  0.549199  0.000433  \n",
       "f1      5.232163  0.096614 -0.995556  0.000726 -0.113242  0.000073  \n",
       "f3      0.601516  0.004913  0.248832  0.003824  0.003109  0.000048  \n",
       "reta    0.060147  0.000952  0.987427  0.000872  0.097659  0.000086  \n",
       "rhad    0.010848  0.003267  0.982759  0.003400  0.464777  0.002063  \n",
       "rhad1   0.012874  0.002276  0.976356  0.003169  0.243366  0.001178  \n",
       "rphi    0.065700  0.000945  0.970018  0.000812  0.102464  0.000129  \n",
       "weta2   0.177657  0.000598  0.998948  0.000273  0.003339  0.000001  \n",
       "wstot   0.040472  0.000634  0.978274  0.000756  2.691034  0.002142  "
      ]
     },
     "execution_count": 4,
     "metadata": {},
     "output_type": "execute_result"
    }
   ],
   "source": [
    "fold_only = wass_distances[wass_distances['description'].str.startswith('fold')]\n",
    "statistics = fold_only.groupby('name').agg(['mean', 'std'], numeric_only=True)\n",
    "statistics.head(10)"
   ]
  },
  {
   "cell_type": "code",
   "execution_count": 13,
   "id": "523dfe41",
   "metadata": {},
   "outputs": [
    {
     "data": {
      "text/html": [
       "<div>\n",
       "<style scoped>\n",
       "    .dataframe tbody tr th:only-of-type {\n",
       "        vertical-align: middle;\n",
       "    }\n",
       "\n",
       "    .dataframe tbody tr th {\n",
       "        vertical-align: top;\n",
       "    }\n",
       "\n",
       "    .dataframe thead tr th {\n",
       "        text-align: left;\n",
       "    }\n",
       "\n",
       "    .dataframe thead tr:last-of-type th {\n",
       "        text-align: right;\n",
       "    }\n",
       "</style>\n",
       "<table border=\"1\" class=\"dataframe\">\n",
       "  <thead>\n",
       "    <tr>\n",
       "      <th></th>\n",
       "      <th colspan=\"2\" halign=\"left\">boosted_el</th>\n",
       "      <th colspan=\"2\" halign=\"left\">boosted_jet</th>\n",
       "      <th colspan=\"2\" halign=\"left\">el_jet</th>\n",
       "      <th colspan=\"2\" halign=\"left\">ratio1</th>\n",
       "      <th colspan=\"2\" halign=\"left\">ratio2</th>\n",
       "      <th colspan=\"2\" halign=\"left\">ratio3</th>\n",
       "    </tr>\n",
       "    <tr>\n",
       "      <th></th>\n",
       "      <th>mean</th>\n",
       "      <th>std</th>\n",
       "      <th>mean</th>\n",
       "      <th>std</th>\n",
       "      <th>mean</th>\n",
       "      <th>std</th>\n",
       "      <th>mean</th>\n",
       "      <th>std</th>\n",
       "      <th>mean</th>\n",
       "      <th>std</th>\n",
       "      <th>mean</th>\n",
       "      <th>std</th>\n",
       "    </tr>\n",
       "    <tr>\n",
       "      <th>name</th>\n",
       "      <th></th>\n",
       "      <th></th>\n",
       "      <th></th>\n",
       "      <th></th>\n",
       "      <th></th>\n",
       "      <th></th>\n",
       "      <th></th>\n",
       "      <th></th>\n",
       "      <th></th>\n",
       "      <th></th>\n",
       "      <th></th>\n",
       "      <th></th>\n",
       "    </tr>\n",
       "  </thead>\n",
       "  <tbody>\n",
       "    <tr>\n",
       "      <th>wstot</th>\n",
       "      <td>0.113506</td>\n",
       "      <td>0.001882</td>\n",
       "      <td>2.804539</td>\n",
       "      <td>0.003339</td>\n",
       "      <td>2.750798</td>\n",
       "      <td>0.001345</td>\n",
       "      <td>0.040472</td>\n",
       "      <td>0.000634</td>\n",
       "      <td>0.978274</td>\n",
       "      <td>0.000756</td>\n",
       "      <td>2.691034</td>\n",
       "      <td>0.002142</td>\n",
       "    </tr>\n",
       "    <tr>\n",
       "      <th>eratio</th>\n",
       "      <td>0.021967</td>\n",
       "      <td>0.000098</td>\n",
       "      <td>0.571166</td>\n",
       "      <td>0.000486</td>\n",
       "      <td>0.549798</td>\n",
       "      <td>0.000324</td>\n",
       "      <td>0.038460</td>\n",
       "      <td>0.000154</td>\n",
       "      <td>0.998911</td>\n",
       "      <td>0.000464</td>\n",
       "      <td>0.549199</td>\n",
       "      <td>0.000433</td>\n",
       "    </tr>\n",
       "    <tr>\n",
       "      <th>rhad</th>\n",
       "      <td>0.005096</td>\n",
       "      <td>0.001533</td>\n",
       "      <td>0.469873</td>\n",
       "      <td>0.001004</td>\n",
       "      <td>0.472929</td>\n",
       "      <td>0.000611</td>\n",
       "      <td>0.010848</td>\n",
       "      <td>0.003267</td>\n",
       "      <td>0.982759</td>\n",
       "      <td>0.003400</td>\n",
       "      <td>0.464777</td>\n",
       "      <td>0.002063</td>\n",
       "    </tr>\n",
       "    <tr>\n",
       "      <th>rhad1</th>\n",
       "      <td>0.003173</td>\n",
       "      <td>0.000554</td>\n",
       "      <td>0.246539</td>\n",
       "      <td>0.000657</td>\n",
       "      <td>0.249258</td>\n",
       "      <td>0.000440</td>\n",
       "      <td>0.012874</td>\n",
       "      <td>0.002276</td>\n",
       "      <td>0.976356</td>\n",
       "      <td>0.003169</td>\n",
       "      <td>0.243366</td>\n",
       "      <td>0.001178</td>\n",
       "    </tr>\n",
       "    <tr>\n",
       "      <th>rphi</th>\n",
       "      <td>0.007205</td>\n",
       "      <td>0.000112</td>\n",
       "      <td>0.109669</td>\n",
       "      <td>0.000185</td>\n",
       "      <td>0.105631</td>\n",
       "      <td>0.000074</td>\n",
       "      <td>0.065700</td>\n",
       "      <td>0.000945</td>\n",
       "      <td>0.970018</td>\n",
       "      <td>0.000812</td>\n",
       "      <td>0.102464</td>\n",
       "      <td>0.000129</td>\n",
       "    </tr>\n",
       "    <tr>\n",
       "      <th>reta</th>\n",
       "      <td>0.006250</td>\n",
       "      <td>0.000109</td>\n",
       "      <td>0.103909</td>\n",
       "      <td>0.000177</td>\n",
       "      <td>0.098902</td>\n",
       "      <td>0.000050</td>\n",
       "      <td>0.060147</td>\n",
       "      <td>0.000952</td>\n",
       "      <td>0.987427</td>\n",
       "      <td>0.000872</td>\n",
       "      <td>0.097659</td>\n",
       "      <td>0.000086</td>\n",
       "    </tr>\n",
       "    <tr>\n",
       "      <th>weta2</th>\n",
       "      <td>0.000721</td>\n",
       "      <td>0.000003</td>\n",
       "      <td>0.004060</td>\n",
       "      <td>0.000003</td>\n",
       "      <td>0.003343</td>\n",
       "      <td>0.000001</td>\n",
       "      <td>0.177657</td>\n",
       "      <td>0.000598</td>\n",
       "      <td>0.998948</td>\n",
       "      <td>0.000273</td>\n",
       "      <td>0.003339</td>\n",
       "      <td>0.000001</td>\n",
       "    </tr>\n",
       "    <tr>\n",
       "      <th>f3</th>\n",
       "      <td>0.004692</td>\n",
       "      <td>0.000025</td>\n",
       "      <td>0.007801</td>\n",
       "      <td>0.000028</td>\n",
       "      <td>0.012493</td>\n",
       "      <td>0.000020</td>\n",
       "      <td>0.601516</td>\n",
       "      <td>0.004913</td>\n",
       "      <td>0.248832</td>\n",
       "      <td>0.003824</td>\n",
       "      <td>0.003109</td>\n",
       "      <td>0.000048</td>\n",
       "    </tr>\n",
       "    <tr>\n",
       "      <th>f1</th>\n",
       "      <td>0.140010</td>\n",
       "      <td>0.000647</td>\n",
       "      <td>0.026769</td>\n",
       "      <td>0.000622</td>\n",
       "      <td>0.113747</td>\n",
       "      <td>0.000082</td>\n",
       "      <td>5.232163</td>\n",
       "      <td>0.096614</td>\n",
       "      <td>-0.995556</td>\n",
       "      <td>0.000726</td>\n",
       "      <td>-0.113242</td>\n",
       "      <td>0.000073</td>\n",
       "    </tr>\n",
       "  </tbody>\n",
       "</table>\n",
       "</div>"
      ],
      "text/plain": [
       "       boosted_el           boosted_jet              el_jet            \\\n",
       "             mean       std        mean       std      mean       std   \n",
       "name                                                                    \n",
       "wstot    0.113506  0.001882    2.804539  0.003339  2.750798  0.001345   \n",
       "eratio   0.021967  0.000098    0.571166  0.000486  0.549798  0.000324   \n",
       "rhad     0.005096  0.001533    0.469873  0.001004  0.472929  0.000611   \n",
       "rhad1    0.003173  0.000554    0.246539  0.000657  0.249258  0.000440   \n",
       "rphi     0.007205  0.000112    0.109669  0.000185  0.105631  0.000074   \n",
       "reta     0.006250  0.000109    0.103909  0.000177  0.098902  0.000050   \n",
       "weta2    0.000721  0.000003    0.004060  0.000003  0.003343  0.000001   \n",
       "f3       0.004692  0.000025    0.007801  0.000028  0.012493  0.000020   \n",
       "f1       0.140010  0.000647    0.026769  0.000622  0.113747  0.000082   \n",
       "\n",
       "          ratio1              ratio2              ratio3            \n",
       "            mean       std      mean       std      mean       std  \n",
       "name                                                                \n",
       "wstot   0.040472  0.000634  0.978274  0.000756  2.691034  0.002142  \n",
       "eratio  0.038460  0.000154  0.998911  0.000464  0.549199  0.000433  \n",
       "rhad    0.010848  0.003267  0.982759  0.003400  0.464777  0.002063  \n",
       "rhad1   0.012874  0.002276  0.976356  0.003169  0.243366  0.001178  \n",
       "rphi    0.065700  0.000945  0.970018  0.000812  0.102464  0.000129  \n",
       "reta    0.060147  0.000952  0.987427  0.000872  0.097659  0.000086  \n",
       "weta2   0.177657  0.000598  0.998948  0.000273  0.003339  0.000001  \n",
       "f3      0.601516  0.004913  0.248832  0.003824  0.003109  0.000048  \n",
       "f1      5.232163  0.096614 -0.995556  0.000726 -0.113242  0.000073  "
      ]
     },
     "execution_count": 13,
     "metadata": {},
     "output_type": "execute_result"
    }
   ],
   "source": [
    "statistics.sort_values(by=('ratio3', 'mean'), ascending=False)"
   ]
  },
  {
   "cell_type": "code",
   "execution_count": 6,
   "id": "3da76edd",
   "metadata": {},
   "outputs": [
    {
     "data": {
      "text/html": [
       "<div>\n",
       "<style scoped>\n",
       "    .dataframe tbody tr th:only-of-type {\n",
       "        vertical-align: middle;\n",
       "    }\n",
       "\n",
       "    .dataframe tbody tr th {\n",
       "        vertical-align: top;\n",
       "    }\n",
       "\n",
       "    .dataframe thead th {\n",
       "        text-align: right;\n",
       "    }\n",
       "</style>\n",
       "<table border=\"1\" class=\"dataframe\">\n",
       "  <thead>\n",
       "    <tr style=\"text-align: right;\">\n",
       "      <th></th>\n",
       "      <th>order</th>\n",
       "      <th>values</th>\n",
       "    </tr>\n",
       "    <tr>\n",
       "      <th>description</th>\n",
       "      <th></th>\n",
       "      <th></th>\n",
       "    </tr>\n",
       "  </thead>\n",
       "  <tbody>\n",
       "    <tr>\n",
       "      <th>complete</th>\n",
       "      <td>[eratio, weta2, reta, rhad, wstot, rhad1, rphi...</td>\n",
       "      <td>[0.9989697533186417, 0.9989691148718622, 0.987...</td>\n",
       "    </tr>\n",
       "    <tr>\n",
       "      <th>fold_0</th>\n",
       "      <td>[weta2, eratio, reta, rhad, rhad1, wstot, rphi...</td>\n",
       "      <td>[0.999193529768455, 0.9988577096164344, 0.9860...</td>\n",
       "    </tr>\n",
       "    <tr>\n",
       "      <th>fold_1</th>\n",
       "      <td>[eratio, weta2, reta, rhad, wstot, rhad1, rphi...</td>\n",
       "      <td>[0.9992039005706516, 0.998955875487918, 0.9880...</td>\n",
       "    </tr>\n",
       "    <tr>\n",
       "      <th>fold_2</th>\n",
       "      <td>[eratio, weta2, reta, wstot, rhad, rhad1, rphi...</td>\n",
       "      <td>[0.9989988966765141, 0.9986855950147076, 0.987...</td>\n",
       "    </tr>\n",
       "    <tr>\n",
       "      <th>fold_3</th>\n",
       "      <td>[weta2, eratio, reta, rhad, wstot, rhad1, rphi...</td>\n",
       "      <td>[0.9992413762282488, 0.9981522982926294, 0.987...</td>\n",
       "    </tr>\n",
       "    <tr>\n",
       "      <th>fold_4</th>\n",
       "      <td>[eratio, weta2, reta, rhad, rhad1, wstot, rphi...</td>\n",
       "      <td>[0.9993444009986554, 0.9986613286773078, 0.988...</td>\n",
       "    </tr>\n",
       "  </tbody>\n",
       "</table>\n",
       "</div>"
      ],
      "text/plain": [
       "                                                         order  \\\n",
       "description                                                      \n",
       "complete     [eratio, weta2, reta, rhad, wstot, rhad1, rphi...   \n",
       "fold_0       [weta2, eratio, reta, rhad, rhad1, wstot, rphi...   \n",
       "fold_1       [eratio, weta2, reta, rhad, wstot, rhad1, rphi...   \n",
       "fold_2       [eratio, weta2, reta, wstot, rhad, rhad1, rphi...   \n",
       "fold_3       [weta2, eratio, reta, rhad, wstot, rhad1, rphi...   \n",
       "fold_4       [eratio, weta2, reta, rhad, rhad1, wstot, rphi...   \n",
       "\n",
       "                                                        values  \n",
       "description                                                     \n",
       "complete     [0.9989697533186417, 0.9989691148718622, 0.987...  \n",
       "fold_0       [0.999193529768455, 0.9988577096164344, 0.9860...  \n",
       "fold_1       [0.9992039005706516, 0.998955875487918, 0.9880...  \n",
       "fold_2       [0.9989988966765141, 0.9986855950147076, 0.987...  \n",
       "fold_3       [0.9992413762282488, 0.9981522982926294, 0.987...  \n",
       "fold_4       [0.9993444009986554, 0.9986613286773078, 0.988...  "
      ]
     },
     "execution_count": 6,
     "metadata": {},
     "output_type": "execute_result"
    }
   ],
   "source": [
    "def get_order(df: pd.DataFrame, sort_col: str) -> pd.Series:\n",
    "    ascending = sort_col == 'ratio1'\n",
    "    df = df.sort_values(sort_col, ascending=ascending)\n",
    "    ordered_ss = df['name'].values\n",
    "    values = df[sort_col].values\n",
    "    row = pd.Series(\n",
    "        [ordered_ss, values],\n",
    "        index=['order', 'values']\n",
    "    )\n",
    "    return row\n",
    "orders = {\n",
    "    name: wass_distances.groupby('description').apply(get_order, sort_col=name) # type: ignore\n",
    "    for name in ratios.keys()\n",
    "}\n",
    "orders['ratio2']"
   ]
  },
  {
   "cell_type": "code",
   "execution_count": 7,
   "id": "38458f42",
   "metadata": {},
   "outputs": [
    {
     "data": {
      "text/plain": [
       "{'ratio1': [],\n",
       " 'ratio2': [('complete', 'fold_0'),\n",
       "  ('complete', 'fold_2'),\n",
       "  ('complete', 'fold_3'),\n",
       "  ('complete', 'fold_4'),\n",
       "  ('fold_0', 'fold_1'),\n",
       "  ('fold_0', 'fold_2'),\n",
       "  ('fold_0', 'fold_3'),\n",
       "  ('fold_0', 'fold_4'),\n",
       "  ('fold_1', 'fold_2'),\n",
       "  ('fold_1', 'fold_3'),\n",
       "  ('fold_1', 'fold_4'),\n",
       "  ('fold_2', 'fold_3'),\n",
       "  ('fold_2', 'fold_4'),\n",
       "  ('fold_3', 'fold_4')],\n",
       " 'ratio3': []}"
      ]
     },
     "execution_count": 7,
     "metadata": {},
     "output_type": "execute_result"
    }
   ],
   "source": [
    "def get_order_differences(df: pd.DataFrame):\n",
    "    differences = list()\n",
    "    for left, right in combinations(df.index, 2):\n",
    "        is_equal = (df.loc[left, 'order'] ==\\\n",
    "            df.loc[right, 'order']).all()   # type: ignore\n",
    "        if not is_equal:\n",
    "            differences.append((left, right))\n",
    "    return differences\n",
    "\n",
    "order_differences = {\n",
    "    ratio_name: get_order_differences(ratio_order)\n",
    "    for ratio_name, ratio_order in orders.items()\n",
    "}\n",
    "order_differences"
   ]
  },
  {
   "cell_type": "code",
   "execution_count": 8,
   "id": "75f93050",
   "metadata": {},
   "outputs": [
    {
     "name": "stdout",
     "output_type": "stream",
     "text": [
      "['rhad' 'rhad1' 'eratio' 'wstot' 'reta' 'rphi' 'weta2' 'f3' 'f1']\n",
      "['rhad' 'rhad1' 'eratio' 'wstot' 'reta' 'rphi' 'weta2' 'f3' 'f1']\n",
      "[ True  True  True  True  True  True  True  True  True]\n"
     ]
    }
   ],
   "source": [
    "print(orders['ratio1'].loc['complete', 'order'])\n",
    "print(orders['ratio1'].loc['fold_3', 'order'])\n",
    "print(orders['ratio1'].loc['complete', 'order'] == orders['ratio1'].loc['fold_3', 'order'])"
   ]
  },
  {
   "cell_type": "code",
   "execution_count": 9,
   "id": "e792568a",
   "metadata": {},
   "outputs": [
    {
     "name": "stdout",
     "output_type": "stream",
     "text": [
      "['eratio' 'weta2' 'reta' 'rhad' 'wstot' 'rhad1' 'rphi' 'f3' 'f1']\n",
      "['eratio' 'weta2' 'reta' 'rhad' 'wstot' 'rhad1' 'rphi' 'f3' 'f1']\n",
      "[ True  True  True  True  True  True  True  True  True]\n"
     ]
    }
   ],
   "source": [
    "ratio = 'ratio2'\n",
    "fold = 'fold_1'\n",
    "print(orders[ratio].loc['complete', 'order'])\n",
    "print(orders[ratio].loc[fold, 'order'])\n",
    "print(orders[ratio].loc['complete', 'order'] == orders[ratio].loc[fold, 'order'])"
   ]
  },
  {
   "cell_type": "code",
   "execution_count": 10,
   "id": "11e859f4",
   "metadata": {},
   "outputs": [
    {
     "name": "stdout",
     "output_type": "stream",
     "text": [
      "['eratio' 'weta2' 'reta' 'rhad' 'wstot' 'rhad1' 'rphi' 'f3' 'f1']\n",
      "['eratio' 'weta2' 'reta' 'wstot' 'rhad' 'rhad1' 'rphi' 'f3' 'f1']\n",
      "[ True  True  True False False  True  True  True  True]\n"
     ]
    }
   ],
   "source": [
    "ratio = 'ratio2'\n",
    "fold = 'fold_2'\n",
    "print(orders[ratio].loc['complete', 'order'])\n",
    "print(orders[ratio].loc[fold, 'order'])\n",
    "print(orders[ratio].loc['complete', 'order'] == orders[ratio].loc[fold, 'order'])"
   ]
  },
  {
   "cell_type": "code",
   "execution_count": 11,
   "id": "51d4c360",
   "metadata": {},
   "outputs": [
    {
     "name": "stdout",
     "output_type": "stream",
     "text": [
      "['eratio' 'weta2' 'reta' 'rhad' 'wstot' 'rhad1' 'rphi' 'f3' 'f1']\n",
      "['weta2' 'eratio' 'reta' 'rhad' 'wstot' 'rhad1' 'rphi' 'f3' 'f1']\n",
      "[False False  True  True  True  True  True  True  True]\n"
     ]
    }
   ],
   "source": [
    "ratio = 'ratio2'\n",
    "fold = 'fold_3'\n",
    "print(orders[ratio].loc['complete', 'order'])\n",
    "print(orders[ratio].loc[fold, 'order'])\n",
    "print(orders[ratio].loc['complete', 'order'] == orders[ratio].loc[fold, 'order'])"
   ]
  }
 ],
 "metadata": {
  "kernelspec": {
   "display_name": "Python 3.8.14 64-bit",
   "language": "python",
   "name": "python3"
  },
  "language_info": {
   "codemirror_mode": {
    "name": "ipython",
    "version": 3
   },
   "file_extension": ".py",
   "mimetype": "text/x-python",
   "name": "python",
   "nbconvert_exporter": "python",
   "pygments_lexer": "ipython3",
   "version": "3.8.14"
  },
  "vscode": {
   "interpreter": {
    "hash": "949777d72b0d2535278d3dc13498b2535136f6dfe0678499012e853ee9abcab1"
   }
  }
 },
 "nbformat": 4,
 "nbformat_minor": 5
}
